# Feel free to add more lights
recursionlevel 50
eye -40 0 0
look 1 0 0
up 0 1 0
d -40
bounds -20 20 -20 20
res 128 128
light 200 0 0 30 8 8 8
sphere 10000000250 0 0 10000000000 0.1 0.1 0.1 0.7 0.7 0.7 0.0 0.0 0.0 0.0 0.0 0.0 0
sphere 0 10000000250 0 10000000000 0.1 0.1 0.1 0.8 0.8 0.8 0.0 0.0 0.0 0.0 0.0 0.0 0
sphere 0 0 -10000000250 10000000000 0.1 0.1 0.1 0.3 0.9 0.3 0.0 0.0 0.0 0.0 0.0 0.0 0
sphere 0 0 10000000250 10000000000 0.1 0.1 0.1 0.9 0.3 0.3 0.0 0.0 0.0 0.0 0.0 0.0 0
# model 0 1 0 275 15 22 -35 0 45 ExampleDriverFiles/Cow/cow.obj
model 1.0 0.0 0.0 90 100 -250 -34 -50 0 ExampleDriverFiles/Cow/checker.obj
sphere 3 -3.75 -2 1.25 0 0 0 1 1 1 0 0 0 0.1 0.1 0.1 0
sphere 2.5 -3.75 2 1.25 0 0 0 0.3 0.3 0.9 0 0 0 0 0 0 0
