# Feel free to add more lights
recursionlevel 50
eye -4 0.25 0
look 1 0 0
up 0 1 0
d -4
bounds -4 4 -4 4
res 1024 1024
light 0 610 0 600 3 3 3
sphere 10000000005 0 0 10000000000 0.1 0.1 0.1 0.9 0.9 0.9 0.0 0.0 0.0 0.0 0.0 0.0 0
sphere 0 10000000005 0 10000000000 0.1 0.1 0.1 0.9 0.9 0.9 0.0 0.0 0.0 0.0 0.0 0.0 0
sphere 0 -10000000005 0 10000000000 0.1 0.1 0.1 0.9 0.9 0.9 0.0 0.0 0.0 0.0 0.0 0.0 0
sphere 0 0 -10000000005 10000000000 0.1 0.1 0.1 0.3 0.9 0.3 0.0 0.0 0.0 0.0 0.0 0.0 0
sphere 0 0 10000000005 10000000000 0.1 0.1 0.1 0.9 0.3 0.3 0.0 0.0 0.0 0.0 0.0 0.0 0
sphere 3 -3.75 -2 1.25 0 0 0 0.9 0.9 0.9 0 0 0 0 0 0 0
sphere 2.5 -3.75 2 1.25 0 0 0 0.3 0.3 0.9 0 0 0 0 0 0 0
