recursionlevel 50
eye -5 0 0
look 0 0 0
up 0 1 0
d -5
bounds -4 4 -4 4
res 2048 2048
ambient 0.1 0.1 0.1
light -5 0 0 1 1.0 1.0 1.0
sphere 5 0 0 4 0 0 0 0 0 0 0 0 0 0 0 0 2
sphere 8 3 3 3 0.1 0.1 0.1 0.7 0.5 0.5 0.5 0.5 0.5 0.5 0.5 0.5 1
sphere 8 3 -3 3 0.1 0.1 0.1 0.5 0.7 0.5 0.5 0.5 0.5 0.5 0.5 0.5 1
sphere 8 -3 3 3 0.1 0.1 0.1 0.5 0.5 0.7 0.5 0.5 0.5 0.5 0.5 0.5 1
sphere 8 -3 -3 3 0.1 0.1 0.1 0.7 0.5 0.7 0.5 0.5 0.5 0.5 0.5 0.5 1
sphere 11 6 6 3 0.1 0.1 0.1 0.7 0.5 0.7 0.5 0.5 0.5 0.5 0.5 0.5 1
sphere 11 6 -6 3 0.1 0.1 0.1 0.7 0.5 0 0.5 0.5 0.5 0.5 0.5 0.5 1
sphere 11 -6 6 3 0.1 0.1 0.1 0 0 0.7 0.5 0.5 0.5 0.5 0.5 0.5 1
sphere 11 -6 -6 3 0.1 0.1 0.1 0 0.7 0.7 0.5 0.5 0.5 0.5 0.5 0.5 1
sphere 11 0 -6 3 0.1 0.1 0.1 0 0.0 0.7 0.3 0.5 0.5 0.5 0.5 0.5 1
sphere 11 -6 0 3 0.1 0.1 0.1 0 0.4 0.2 0.5 0.5 0.5 0.5 0.5 0.5 1
sphere 11 6 0 3 0.1 0.1 0.1 0 0.9 0.1 0.0 0.5 0.5 0.5 0.5 0.5 1
sphere 11 0 6 3 0.1 0.1 0.1 0 0.1 0.2 0.3 0.5 0.5 0.5 0.5 0.5 1
sphere 300 0 0 250 0.1 0.1 0.1 0.7 0.7 0.7 0.5 0.5 0.5 0.5 0.5 0.5 1
sphere 0 0 0 250 0.1 0.1 0.1 0.7 0.7 0.7 0.5 0.5 0.5 0.5 0.5 0.5 1
sphere 0 0 -300 250 0.1 0.1 0.1 0.7 0.7 0.7 0.5 0.5 0.5 0.5 0.5 0.5 1
sphere 0 300 300 250 0.1 0.1 0.1 0.7 0.7 0.7 0.5 0.5 0.5 0.5 0.5 0.5 1
sphere 0 -300 0 250 0.1 0.1 0.1 0.7 0.7 0.7 0.5 0.5 0.5 0.5 0.5 0.5 1
